40.94189
38.872704
20.795935
14.587095
26.351906
62.215717
40.376728
30.205997
38.696674
39.52244
44.288136
17.699722
39.555565
40.57222
14.033834
29.044357
52.850544
42.00924
17.016722
17.018879
41.26995
38.330135
40.423973
17.147804
40.7845
17.045765
18.007952
41.60971
39.772278
40.095173
40.078552
42.469322
57.81996
36.237392
66.80205
64.907005
66.08502
57.50103
17.744274
18.450066
49.850357
39.846897
40.21491
41.89836
52.3558
40.8427
43.717735
40.31179
45.806133
42.243244
41.003155
40.12261
51.22975
66.506874
45.04182
63.435856
37.755733
41.507786
40.32473
36.86271
43.783195
58.119232
67.53516
46.011833
58.28871
17.062576
40.747894
31.625484
67.885185
26.73024
14.041356
31.410465
22.05407
18.428474
23.048313
29.629288
38.903896
54.30235
41.230206
41.395794
53.003757
18.644646
29.5254
42.107643
36.33506
42.135506
43.220448
40.75236
36.985977
37.89144
19.709045
27.254044
52.16582
17.981194
41.87677
36.457172
42.114014
45.79631
17.599602
41.992405
33.636993
38.504555
29.159637
50.355213
17.482342
26.477516
19.593422
43.116116
40.458225
40.48404
57.24315
27.225492
28.087942
58.75291
33.111107
30.306522
52.308224
38.77432
34.533493
26.29282
34.53315
19.060795
34.089046
43.15254
39.540154
38.186386
37.02235
43.129124
35.854706
40.697742
34.033096
39.609234
39.994087
26.44459
35.54135
42.358917
40.579906
59.01918
48.069374
14.573054
17.284336
23.958965
45.048904
45.824833
68.34767
14.989044
36.85797
30.814793
30.332203
16.93681
41.175064
40.761032
20.806679
35.09327
23.058033
24.119734
25.294434
14.565432
40.758022
42.167084
42.08889
37.529236
52.253418
66.07362
19.204632
39.288002
29.005278
66.2305
43.769936
50.98328
28.763214
39.800327
40.69448
23.198877
55.25869
38.05818
44.403103
37.05924
23.924221
43.648342
45.72255
38.25973
37.518288
39.65615
40.21066
25.25159
50.68326
57.13865
38.983448
40.172703
40.630676
36.24604
27.79222
52.49495
24.026936
47.701702
41.105667
46.795662
14.099523
42.16245
39.730125
43.133293
38.57333
57.48278
36.989178
34.03254
38.941494
24.77972
68.15481
30.264252
39.18619
67.574615
65.00111
23.032719
40.354965
35.709656
21.6903
40.568596
47.528706
36.20542
67.54877
17.871984
34.414303
38.1927
39.407284
39.90081
43.62469
42.524708
37.41025
35.218002
45.483116
24.004568
66.334
14.890405
24.987257
40.000114
18.041634
42.177784
67.72001
41.02034
30.38277
40.8263
38.87665
65.59259
14.171535
14.240021
23.552385
44.450363
27.770561
41.50314
40.354847
40.639797
24.248184
58.71953
43.548656
42.525196
50.72497
40.42639
34.171257
14.066765
40.450485
35.613995
40.79196
38.92991
40.502876
30.629456
40.565945
41.841434
19.276896
15.014033
29.286343
44.877228
42.291073
19.62936
30.655258
17.047012
32.31853
68.57827
65.46703
39.550465
45.44834
17.175987
41.43053
38.95629
40.7098
63.299206
48.896595
40.2014
35.518158
40.720314
17.819775
26.502052
19.5636
44.981586
48.041817
40.0936
17.170559
15.714309
57.24578
40.50419
34.132378
41.38848
19.151245
23.077877
41.339664
59.069183
40.654316
17.10175
41.707672
35.235
57.442516
66.66972
14.19448
44.044918
28.55618
24.980717
53.31344
63.60498
40.186985
14.608013
40.529903
42.2358
40.53434
39.61755
40.51806
40.281353
58.367287
23.76532
42.62024
45.363834
67.852104
41.36468
57.70948
17.060791
49.82923
44.455017
55.640594
31.249428
26.109947
39.13713
17.08936
14.103188
49.750496
47.025185
38.090874
68.61782
64.0293
17.183212
66.78734
47.522865
37.854954
19.257854
39.965908
66.10866
39.091465
38.54924
25.533203
27.548935
51.915607
23.194065
59.741646
64.49774
41.289974
39.434067
42.998142
40.603806
67.706345
14.252819
30.030901
19.735886
36.32623
35.33486
35.88978
68.54077
40.2106
45.291973
62.75669
20.1506
39.895256
39.713894
33.240578
38.435772
66.93972
65.680176
40.36894
40.575493
41.016796
45.25835
61.729397
18.343788
14.012789
17.34106
32.89386
36.5102
41.31911
24.016323
67.13569
39.384346
27.98486
23.700352
29.305721
20.713963
68.6046
41.781315
18.840088
24.444683
49.797146
40.359222
54.823566
67.00453
58.61356
40.94581
39.985153
29.812313
41.8275
27.291182
66.14319
27.520485
61.526543
39.325016
30.644352
40.61321
36.863213
40.932995
17.48296
68.05286
48.511795
24.420952
39.89547
19.674278
22.628496
19.12295
42.14839
30.864147
40.80654
38.738144
35.90437
43.96812
17.041096
38.442398
66.83602
34.09868
38.26982
25.56146
47.003105
32.564823
42.827587
40.128345
42.78586
44.99792
60.88977
27.844105
61.982723
42.53583
41.83618
40.624893
34.904026
17.969131
68.13197
60.355453
18.499006
63.421318
43.99986
22.184975
38.529377
35.129128
26.188751
30.469349
39.96079
14.365025
40.495907
38.44188
40.76121
38.152424
18.075195
44.036648
39.683323
44.20077
35.3807
24.213676
41.094234
21.965912
32.676704
18.022125
25.527895
17.597351
40.795647
14.603539
55.829414
41.305138
40.070885
41.894543
18.860893
41.016956
45.37231
54.730072
24.853062
41.011127
45.134968
40.45362
66.214905
44.804558
18.675312
68.38659
49.330986
37.90804
37.0562
44.28847
40.95895
40.137627
40.47013
43.47255
46.504753
40.06773
42.44203
40.95709
35.454475
49.405415
39.591534
33.81473
41.474373
42.814606
39.0471
17.12693
47.517796
30.975883
44.82512
38.135536
60.768463
41.80893
40.181213
17.517387
53.89382
37.380238
36.65467
25.132008
25.404457
25.64615
42.59707
68.30443
40.90994
20.462074
45.294273
14.660995
24.770643
40.804043
40.280342
45.314186
49.339844
41.13894
14.076786
54.518288
30.531082
36.583572
40.159122
41.051785
38.466484
41.73423
55.41531
40.614223
37.62207
41.45837
57.93506
23.468128
38.832508
32.734947
41.099083
61.797787
41.889896
16.10852
19.491543
15.144153
40.65413
42.427673
25.748264
14.214332
38.55141
68.137146
14.247943
17.078415
40.069775
67.9945
67.01279
60.13839
38.69639
29.524538
26.119907
38.209175
40.953167
68.62046
42.725483
27.38584
60.71328
43.07032
22.97891
40.059025
43.98013
51.256866
17.010605
36.759254
23.532991
40.49435
30.285954
60.395958
47.42498
17.15218
37.92254
38.34956
59.471367
17.084633
39.477493
38.765697
30.352621
41.402035
37.737152
21.995005
40.841576
25.28595
40.094013
36.55954
14.739407
41.131096
16.132622
59.6363
19.77264
23.415695
39.21525
41.697575
14.171147
18.43193
29.366875
39.884785
27.050041
40.587982
40.657032
41.373043
57.456738
40.362465
42.009872
57.846893
40.253983
24.082096
38.58826
43.413605
53.027527
27.423477
39.236347
68.38654
19.511517
46.045155
36.52902
25.00362
39.64243
24.14697
49.728394
38.90305
20.284916
41.81167
40.453693
38.92379
39.553658
23.172699
51.632576
39.183525
19.182125
27.099033
44.216938
31.050434
61.441406
38.683388
38.521935
36.6378
38.810276
17.532055
20.261217
34.750687
43.74134
28.074615
35.221447
38.683533
17.329174
41.287304
28.56622
31.541267
17.109825
40.88497
41.738453
50.687286
49.077564
61.687225
63.235355
33.077484
17.112144
55.872498
47.234222
38.648212
39.85209
60.546555
14.948032
18.025448
41.357304
66.647095
61.301384
37.719494
17.897049
36.212482
39.483715
40.99633
33.947746
45.06163
40.121887
41.165417
37.044575
38.924557
51.840298
24.131256
42.62968
15.762509
34.287674
26.012947
68.310974
24.860794
67.52286
34.60251
42.178757
29.006138
41.21957
17.454878
39.812424
42.198254
56.484226
24.907013
38.9903
20.113363
55.39192
51.8827
39.727497
40.818913
40.460766
19.35253
14.710276
49.44437
53.20871
48.508045
39.744747
50.832016
30.53009
39.948303
32.695984
50.25506
44.30124
33.33767
36.211235
43.692383
34.597996
33.930527
39.19573
28.21675
40.635063
39.251976
40.93923
40.478054
62.036156
42.251698
48.59117
56.489624
21.218342
15.486905
28.316261
39.589848
15.783392
41.91846
44.133007
40.8251
43.541595
23.46466
41.03941
30.693733
44.044353
41.777817
47.66536
42.682117
41.045376
38.738136
22.300793
58.634605
31.894913
37.56352
60.33504
38.840275
24.55869
44.346916
38.994106
17.339552
35.825077
17.73661
25.534927
42.57418
38.512096
19.266548
43.117718
39.581543
40.40291
34.123806
40.594753
42.274986
40.59623
31.974667
22.059177
41.503345
38.88539
29.679684
34.723427
17.001537
17.109993
22.856724
63.622322
47.852158
35.78152
43.18135
37.752113
39.70923
32.433186
17.624514
19.402416
33.2887
21.733059
55.665558
20.752296
41.37344
43.32913
39.558586
40.64606
25.619732
44.643578
39.92186
25.682629
19.543915
67.1791
40.011986
27.512959
43.753372
67.09075
42.341476
41.206074
40.16846
48.276863
66.47702
66.93381
46.712463
33.467075
40.487072
14.6132145
32.696682
28.139042
41.382637
17.122112
51.435654
36.141712
28.346806
43.276756
68.46312
26.00758
67.31108
40.49925
64.971794
56.454086
19.96954
14.668808
41.73828
40.583714
43.7836
50.100292
38.65738
39.303295
40.483597
33.111668
36.515854
47.466286
39.164803
41.000835
26.659002
27.682156
47.675537
40.27053
43.722305
40.81163
19.642866
52.842644
43.201603
27.373207
40.880215
25.045868
64.41434
37.04915
40.493294
40.844414
64.537254
33.2139
40.091797
55.84048
39.12109
66.393364
40.803913
60.644608
42.916195
60.142242
20.534218
44.44368
59.876797
62.751747
40.405052
51.158104
40.700233
14.185801
41.82946
49.305878
38.536587
52.81738
40.854717
40.25971
40.351196
45.563484
63.25508
31.291248
42.97603
41.12948
23.61464
28.88404
53.067867
26.583645
63.067062
41.583553
39.637966
33.947376
17.026012
67.0346
49.097454
27.224499
36.760452
41.11873
67.37706
39.545918
32.529335
50.63279
61.62036
40.761475
41.172062
34.62497
19.401035
32.24838
68.13881
17.401434
68.567406
21.06123
51.580032
21.677036
68.603065
54.380627
38.28729
40.649384
34.436985
35.682377
40.924603
46.154774
39.602936
39.63373
41.38106
28.702835
43.28245
56.5924
47.516136
40.626938
17.006062
28.83752
22.197245
36.084442
67.603806
41.13207
40.670826
43.436916
31.361076
35.503044
33.16233
39.36549
43.02962
41.997013
40.319202
37.044075
36.83057
49.459114
51.571774
58.264645
15.606496
40.29412
46.49523
38.627266
39.27589
60.151608
19.06287
40.427475
41.55177
41.04525
28.150522
38.28196
39.68202
41.25382
40.215412
22.105461
52.77194
39.025986
40.634262
54.074524
40.81653
17.596935
60.122475
39.52333
17.199116
66.375755
38.184788
37.372772
40.68264
39.912224
42.102562
41.31128
36.91064
40.375336
24.34522
41.65684
41.106186
67.21477
25.355774
40.276245
37.617283
37.459267
63.27949
39.499886
40.77057
41.67368
27.297897
60.88967
37.81222
68.576866
21.736458
66.69074
42.15251
30.738651
67.488846
17.453423
17.023952
17.398
34.284225
13.961343
23.787628
67.41251
53.777435
68.36409
34.750496
35.24992
42.957687
39.97037
28.775488
67.72354
19.826305
39.994427
55.395905
36.984715
65.942505
44.87173
39.086533
17.187304
42.701202
17.2013
17.116203
41.31936
24.644445
19.906227
58.097332
39.346634
58.516853
68.088905
37.127346
36.266937
62.4845
41.594658
41.708942
37.808758
17.13507
14.767126
17.083817
50.071068
21.15876
40.28899
40.804295
40.388264
40.438038
68.07722
49.83783
67.89434
21.711006
31.408398
39.63467
38.01955
17.139524
35.305885
64.8632
23.01278
44.603226
18.221363
24.363731
41.213978
37.12405
62.04738
24.757149
24.183931
25.935947
39.61628
42.30888
66.03784
35.42788
60.457897
34.81735
38.65361
24.120914
19.876854
39.873955
24.246891
27.748014
50.975315
22.87203
33.474483
39.926163
48.840275
34.950077
40.563934
38.882835
41.372288
17.795181
68.28681
30.087423
59.334442
40.24257
19.50894
39.04844
30.858421
61.47117
46.13578
40.290302
17.17046
17.042488
40.15043
58.834312
28.387539
44.609005
20.381329
47.80592
42.63543
18.505688
56.875263
42.29535
40.53125
39.10345
38.802635
40.773968
39.945347
25.857178
42.05604
37.26781
34.63797
40.905357
42.87601
33.60197
40.61362
40.742226
32.72101
36.37198
40.098286
38.196514
38.129345
45.32978
41.99279
55.56601
46.473644
64.770256
51.33279
37.140137
28.172482
39.95193
25.523952
56.767807
19.538872
36.93211
42.78292
40.646595
65.03388
47.742268
41.464355
32.481712
24.729837
18.23233
45.524956
40.555176
42.112835
34.611397
25.128937
24.033789
28.450327
20.51978
24.973257
42.75873
50.807705
31.041767
58.789696
48.06244
66.582954
18.60839
21.198313
17.273205
35.319477
42.73546
62.688198
28.193867
30.08443
26.349842
50.918526
60.666748
27.667458
68.32261
40.67482
40.500202
39.554623
64.890274
41.5542
61.335102
37.361507
14.601941
62.890373
41.174984
14.356594
35.788647
35.656017
44.046604
38.675568
17.338987
35.833614
19.097532
55.254135
34.520233
41.168095
37.197918
42.53834
42.383728
17.400648
41.165726
40.3901
24.353039
51.752865
57.713833
41.887768
14.186014
44.37914
44.490597
44.940098
39.095833
41.29453
39.399345
41.787773
37.682354
39.190136
25.916538
25.970512
23.67771
33.41537
37.510098
46.519863
65.64784
40.64157
38.59524
24.261723
17.10186
40.389717
28.946423
41.969208
40.536724
40.55184
41.22669
41.07538
57.91369
43.32406
34.497948
32.105072
33.15463
41.05169
43.9005
17.188297
40.87423
50.026176
37.891903
42.82167
39.358227
41.994457
43.421474
37.46781
45.67144
65.56419
39.21617
39.12821
33.531948
17.20805
13.944943
39.69458
40.683784
27.545727
34.671593
36.457184
42.71643
58.55158
43.023937
26.396477
14.020625
40.4107
54.92456
66.3285
35.893803
37.419796
38.06999
40.455456
67.48236
38.981945
40.449272
64.53977
33.01903
33.15549
30.961227
38.72471
40.9297
41.172607
44.583076
18.107803
65.859024
37.972885
37.54223
41.654587
40.044636
19.019333
40.68288
21.539019
24.224539
45.31858
39.87825
42.5698
30.852367
41.10894
26.784084
57.97985
42.327023
42.4556
45.23899
41.94403
43.313053
40.43428
26.028374
18.245031
21.203922
67.22939
42.917324
22.2569
64.41866
39.622345
41.261745
30.903656
38.877014
34.53278
40.42919
29.307766
26.617228
66.450905
23.364246
38.061874
42.374638
25.55403
40.100834
45.62936
40.11888
35.908165
68.616905
36.034367
32.665127
42.803123
51.18895
17.336056
54.857704
41.183155
40.616726
29.046688
29.309488
55.582474
21.626835
17.11874
39.884357
66.8356
39.930355
38.415855
39.768673
31.132011
38.62274
40.814346
38.073387
39.007896
40.527966
45.643692
56.954567
40.921345
45.193035
40.604847
39.993294
20.145008
41.39638
37.71606
40.433384
41.369152
24.775276
51.774002
39.32465
31.511574
40.46684
20.200249
43.190495
42.449566
41.774563
40.74792
38.996693
24.412209
39.982338
60.5506
60.069183
30.043655
26.902756
40.30455
38.410107
27.339554
46.992264
36.101078
65.33175
40.14715
39.754128
40.308754
27.191053
35.91079
25.000961
39.223526
58.895306
37.417305
40.376827
44.669006
42.00809
37.495216
17.029358
37.95723
39.6367
56.929974
24.179016
31.184078
17.137638
16.707369
31.61781
14.115436
40.87687
21.125698
18.794403
39.955593
29.668304
42.235798
29.302109
41.634243
64.68988
60.4711
37.72775
68.49961
25.108498
14.090225
42.717476
40.158203
53.61692
40.111286
33.107838
40.43476
40.509827
51.45118
42.89966
39.36564
40.657284
40.286385
41.103214
27.565601
68.629745
57.41334
41.774944
38.04493
32.436806
40.48962
63.49535
40.88435
53.76815
65.4503
26.240026
40.56815
64.14602
40.679295
30.441422
20.2265
39.054546
39.542988
39.994057
39.57793
54.045116
67.2109
23.8232
66.30383
30.178547
44.994045
18.175049
41.18142
40.71165
17.110136
24.833519
24.897226
41.98392
40.89982
37.777275
52.72806
34.815495
67.759224
39.767155
57.744976
66.81733
16.010876
36.350506
41.27202
41.13642
41.320934
37.30009
41.519398
41.172806
45.44548
39.650608
22.306173
14.099699
17.056503
53.52754
47.858326
42.502926
28.159838
38.429382
40.39809
51.373756
40.788754
38.148693
55.719067
14.817557
60.355167
35.46443
40.27921
38.818
63.038788
47.066013
42.05347
25.705204
40.827145
35.070152
68.492966
17.705162
31.321774
18.430008
14.060886
40.623547
17.171928
37.814392
28.654964
43.554016
42.23405
28.64839
52.09595
45.238712
28.543968
40.567135
41.66376
68.564026
62.555466
44.674263
17.120157
40.142864
39.768147
23.064339
17.585657
40.093422
38.83207
19.051105
26.516241
60.39789
43.57865
39.47506
37.26595
66.00797
32.579056
25.287327
38.119442
18.633442
58.005047
41.515987
28.484142
64.99799
39.576862
35.54367
28.048698
43.115353
48.16715
51.35914
41.415684
41.588924
19.185658
67.93818
67.69699
46.85966
18.46086
17.110422
63.98403
30.678288
18.069817
58.3152
42.11312
42.961887
39.683453
39.7484
40.2563
48.889378
36.525536
42.504284
60.397247
42.923306
18.42859
24.209675
30.760813
40.953568
42.244827
27.741722
38.617275
40.178585
59.226345
66.23259
54.366333
23.292858
38.77384
42.012894
41.453175
44.41123
41.685696
41.553055
33.524807
20.651306
24.910278
43.95625
35.35193
35.058163
33.579292
30.900124
34.80962
65.64378
40.27202
37.739483
38.504414
17.10173
40.310547
17.789955
30.935257
68.62991
23.160225
36.44869
45.269463
40.834183
40.95587
23.581163
17.003284
42.351906
32.099377
36.947086
43.75461
42.026337
40.15719
34.981277
35.09781
41.02016
23.769705
39.7943
39.86746
17.167814
42.362034
35.372475
38.05977
25.474434
16.011524
43.667374
67.14615
52.41082
41.13735
67.31477
39.759373
48.400787
40.575348
42.564857
17.052618
42.5925
43.337208
36.659317
31.256245
38.53844
50.408825
45.500114
17.466328
39.85836
37.269413
68.45671
48.42617
63.02784
41.74173
39.27513
40.26869
33.738922
40.267536
23.742004
30.716118
36.40875
33.282936
23.663315
14.586073
59.333298
23.320423
42.241837
35.05095
40.073853
16.601578
43.526707
42.38269
38.88644
40.260754
39.693615
36.853065
25.629751
45.642548
48.016933
17.250751
43.236794
49.474457
43.930454
39.23097
48.733284
68.6285
23.066284
46.546356
40.723038
66.49819
24.930426
17.624474
68.63186
41.66932
36.409126
17.118307
14.106904
28.821629
41.62093
40.613373
40.527332
40.22454
36.834396
40.47167
40.96976
41.34895
17.35304
36.898224
40.368984
21.58636
17.546593
49.83444
35.407784
53.87323
43.20888
37.935722
23.936092
41.38932
68.23279
43.543617
65.946266
31.256046
60.45794
58.605812
68.51055
39.660046
38.934826
39.748695
41.803246
29.332287
40.221874
21.222706
14.282877
61.89158
68.359085
59.44522
25.382078
42.12527
40.61381
39.48131
54.27886
17.296207
40.747734
41.04578
17.875767
14.30513
67.47946
65.49553
38.117706
42.447876
45.15831
64.87492
39.101746
17.13647
40.470863
44.459892
55.593212
31.730553
53.5199
39.885536
39.68033
51.42149
39.70639
65.83055
26.477203
54.356354
43.86439
32.39461
29.236092
32.117046
38.970337
41.293224
22.862309
40.28062
42.090405
18.233513
46.41768
66.53901
56.43985
26.792149
17.298115
30.130627
27.160927
24.835426
41.024494
25.616848
51.272827
35.885788
58.92895
42.19459
35.33679
18.924244
25.958185
17.499538
43.66662
55.479202
39.19497
66.34072
23.971035
40.18516
40.386944
39.655605
30.1805
30.176773
41.198376
29.94735
39.127983
40.018562
40.67889
18.968529
39.795235
37.411423
40.203735
48.64364
35.868683
34.215237
17.092358
33.614285
24.36886
40.569042
21.614292
37.3324
34.36723
39.89274
16.888065
46.55044
31.859577
42.896996
40.34205
59.202457
18.368603
42.95375
44.53976
29.810001
22.133415
40.425373
39.892788
17.260143
43.58199
44.834404
37.6099
22.11219
42.58465
17.123657
68.22855
50.991604
42.891808
41.138382
33.319912
41.736237
48.53604
31.096674
25.488264
61.117756
17.074911
38.068104
27.873234
41.810394
51.461212
65.08822
38.807716
58.44888
29.107298
67.71355
53.58452
59.80912
68.49522
36.339516
66.58704
40.632595
68.23034
44.804817
40.32489
56.20797
28.574547
66.43882
45.552483
40.473248
37.39777
40.39432
38.172092
40.94704
17.131578
44.392517
34.065052
22.89252
40.305016
63.954247
67.08403
41.05685
17.160583
42.69996
36.921253
61.57318
25.11043
41.091343
40.362667
68.348946
38.486958
23.303432
17.02555
34.55839
40.243725
40.55434
38.43881
17.117487
66.40429
41.059658
38.854767
37.993336
41.062397
33.772808
43.349327
42.01851
22.727695
62.82046
25.623825
43.192467
56.125076
52.952965
17.287483
40.978245
37.54835
17.108076
15.491723
25.49698
40.31384
37.758564
42.765335
19.340496
22.387154
38.724068
50.016346
67.93274
26.228626
38.914783
38.605938
17.488605
40.004963
16.17509
36.052937
20.330997
41.285088
40.004837
47.806725
58.42039
39.085857
56.984688
36.484528
60.22608
18.049332
42.19199
28.961315
44.900852
33.46305
44.33099
28.971796
44.754215
24.121578
16.593739
41.18588
33.72161
66.57349
33.916775
64.699455
60.417515
36.68201
48.438786
17.15652
42.94876
23.56083
36.003174
43.964523
28.42382
57.731426
13.993813
40.349392
40.143852
66.9234
40.26815
25.511707
17.19807
14.684206
40.947918
42.16614
41.76512
42.237484
37.75464
18.029644
40.829002
39.61773
52.869793
53.461037
39.582764
40.75314
14.60456
28.466087
40.758793
41.382286
42.546707
29.464054
44.634064
31.126015
19.344006
14.782203
35.249226
36.315033
40.919834
36.405907
42.204937
18.41557
27.750633
57.52979
43.70138
46.042984
30.363338
25.191982
17.110767
17.077816
17.75562
64.40989
43.92963
57.285583
40.459488
41.766064
29.466244
31.791359
41.935123
41.579136
17.0306
40.753662
14.233985
38.430405
39.99339
40.919487
40.57836
61.315826
40.497128
14.047048
42.27243
24.214943
41.567963
52.82254
43.660477
24.705517
22.73053
42.78842
41.11537
41.80113
39.888855
55.38621
53.0754
18.8601
40.850307
48.011948
40.247528
44.14786
66.61279
43.203583
14.171316
55.99282
25.430765
33.46467
39.324272
25.57494
42.96094
33.014748
59.570183
21.897114
32.512352
41.348957
40.36847
65.03976
38.07612
24.24997
39.623013
28.981995
25.944494
56.36986
34.956017
34.743248
17.27034
42.943928
24.206017
63.26274
66.656456
40.953712
38.77482
68.63633
41.0004
49.808067
46.8203
40.88774
42.0445
41.29346
34.154884
26.196587
37.8492
38.77135
30.720802
39.848133
38.26209
39.117184
31.32711
34.760044
40.426735
25.555962
68.00519
28.236984
23.142496
41.4639
25.094269
40.76462
32.579117
33.77522
68.63213
66.018486
29.427565
39.283283
17.05
56.73802
64.28805
34.679485
43.73278
58.05596
33.45664
68.562035
42.464
41.126846
36.790146
17.48905
39.827953
65.57061
51.156975
41.358006
38.47406
37.199432
42.176826
26.0424
17.903978
24.792446
38.69831
47.495045
61.72241
17.102749
40.821693
20.090458
44.07994
37.41532
40.637302
40.276962
39.76983
43.338257
39.09508
49.85911
59.52191
41.083763
37.355618
39.172497
32.33723
29.769947
23.579134
68.638214
40.372314
43.05095
42.23516
24.527237
45.21027
68.62119
38.882877
39.958267
21.174799
15.158961
67.39328
54.54735
41.968296
41.37514
39.437172
24.482044
46.447956
39.88898
40.39574
32.672302
57.83551
19.0601
51.908215
38.697952
46.755817
39.311523
67.50915
40.13788
41.695072
40.401196
23.165062
40.82388
54.113075
28.382734
28.390793
38.996048
42.092354
40.93548
41.336933
40.9604
25.078178
68.36157
40.180264
43.70498
40.23314
60.64055
68.590515
17.116898
28.393406
40.33032
35.664597
39.629627
33.434525
50.756
43.6142
40.720978
26.304338
15.538267
41.09161
34.701733
18.850765
31.748295
14.647528
30.421127
39.458824
14.883115
17.50674
43.484306
18.413729
43.99966
39.798058
67.93161
42.417374
41.979748
27.7445
34.456253
36.02704
24.080418
44.54241
38.108227
29.76184
52.67672
34.99313
19.385723
39.995422
67.30771
38.899372
15.243366
20.434734
28.563293
64.849785
17.067272
67.462494
40.860004
17.594627
38.11378
30.430325
43.856285
37.70805
61.29433
41.690197
43.456394
65.01156
34.47661
40.613567
41.85612
17.098206
19.950441
37.6857
20.036955
45.555836
34.106472
17.101282
43.87074
44.273277
65.31778
37.51309
66.639984
40.610138
21.432636
22.163816
45.046757
67.70067
29.082413
64.74261
36.866917
32.130318
39.41886
36.449448
48.959854
16.169685
44.6248
40.292385
29.519312
34.496044
40.127136
44.467453
28.761185
36.86917
17.358797
27.953754
30.210266
40.683926
17.414246
60.71224
35.31562
68.36714
40.215034
24.406034
26.58773
36.067238
64.55406
59.643696
40.193253
59.262177
39.805943
17.638748
68.61009
15.82572
28.644848
33.202484
50.697
49.43936
17.21171
49.01955
45.22913
38.216545
40.27302
27.671177
17.114317
39.430702
46.436638
57.752666
28.635681
39.70113
38.08488
17.055023
42.15414
40.422413
19.447697
36.057377
38.593754
19.360012
43.776287
21.970367
38.604424
38.651066
47.754753
40.042812
22.414185
17.100243
44.675407
51.115044
16.029972
63.218987
39.806965
38.390274
28.489338
39.02899
40.424416
68.03014
39.828583
68.26355
40.66928
16.538864
40.568092
42.146015
67.817345
40.440815
36.917343
36.72153
41.337482
20.603209
42.389427
17.071281
39.88953
17.101452
24.667566
40.751377
40.423782
35.047356
33.56774
54.746407
64.169685
67.37813
42.790726
66.92141
37.67093
17.04397
23.748005
40.815758
36.384125
25.717804
38.31571
67.87075
16.279133
23.408741
17.118206
35.321777
45.425087
43.048805
35.127754
51.12048
37.582104
15.39651
26.718994
17.096485
20.95592
67.314384
64.69437
49.005722
17.480392
45.016403
28.569672
21.778584
43.07607
39.99276
17.474861
57.46462
24.23907
22.345387
34.842693
31.167446
44.548985
41.547424
62.64922
37.407143
40.157555
40.364414
38.767395
40.10524
39.251087
66.66896
32.172104
17.36314
39.779854
37.994526
40.549576
52.954163
47.8798
26.20762
26.30125
67.65014
40.447407
38.220654
23.305994
40.048794
40.762856
40.838577
40.348713
25.950165
38.540127
58.890938
39.701004
40.991276
18.8488
38.28333
47.32083
67.954834
17.752516
35.505833
40.87629
66.69662
65.105286
41.032303
25.7624
66.599686
40.78832
62.740437
47.098724
40.781097
57.29443
39.252327
33.08223
56.67015
56.467308
57.278824
40.724983
58.886467
33.96707
25.905602
35.448933
39.76126
40.56584
17.01631
23.753128
18.048885
38.189594
62.34972
40.19188
51.8547
24.585583
46.265636
40.489418
55.829666
41.30999
39.590588
53.99623
37.577267
26.514477
17.017982
25.96371
25.043137
14.274578
40.39502
20.185528
17.127934
34.140316
42.32304
21.157383
27.298513
66.37842
30.751562
56.045307
64.93488
26.702993
28.00344
26.829412
41.149567
48.450657
41.55919
68.47691
19.044292
37.992455
16.999866
44.215485
53.90673
43.736145
17.099873
27.218037
18.82375
42.00212
18.697868
14.085085
27.351816
41.343204
63.523804
40.932693
39.72695
16.580193
58.315918
40.809517
25.658989
26.117363
40.578377
67.25939
36.665813
17.078243
23.996004
17.074972
28.032661
44.140175
63.678288
30.230473
26.7913
36.95441
34.74432
47.897743
40.808895
30.164246
47.45478
54.644363
57.92888
40.346626
34.05185
41.54973
40.646015
68.63928
58.519463
36.483624
42.915142
52.240295
51.093918
67.28443
54.37138
40.10679
53.14653
26.189468
40.900707
25.110493
31.798573
35.502842
33.798283
65.231544
32.70743
50.19397
35.764153
25.476328
44.995884
17.13677
17.139488
66.09992
17.239628
34.23712
18.04021
14.937217
60.213432
42.283215
39.129837
40.46722
49.355408
36.84984
41.170826
16.821873
40.376804
42.13136
37.814724
38.681618
17.018253
29.153017
40.566093
33.90954
38.7207
62.321487
43.786053
65.54127
35.488575
62.703667
40.273476
43.727333
39.900112
40.29908
41.021954
39.971405
41.404724
16.49726
36.645794
39.631386
26.95992
59.14075
17.103344
32.942535
38.373466
40.916634
38.777603
49.56651
26.514156
35.654633
43.51662
39.248726
30.214931
43.316784
26.65348
68.63408
46.04643
40.355316
17.051788
40.98053
20.305391
40.082867
47.925262
39.528667
52.368668
66.16094
38.484974
39.173588
52.72254
17.307768
31.177448
33.875206
28.745564
38.08809
61.937798
39.086433
44.135517
40.251637
27.596825
16.872705
17.087494
26.842453
39.82322
38.685574
17.09951
44.557735
18.784409
51.946533
56.64261
27.69754
39.94326
17.040333
36.273254
17.099144
19.799858
25.55302
41.684795
26.090483
17.110603
41.528378
62.21315
64.817215
40.50591
40.738533
48.761898
37.307533
27.202972
28.942463
27.307106
66.90955
17.141111
37.81247
30.432137
25.230902
52.16528
32.63873
36.85143
42.12244
40.82226
35.675926
59.202183
39.18775
37.03578
33.419415
39.921665
21.75122
41.160122
17.61631
28.1226
37.729816
40.25982
39.08792
35.732056
55.752808
65.960144
38.41656
45.66038
67.75835
44.259727
41.797848
46.16984
38.981556
35.38993
66.822655
40.438374
18.357689
65.82447
38.01468
41.209404
24.76302
44.082005
56.293255
39.443695
68.602554
15.165967
25.593931
60.22634
17.052286
39.359344
17.11676
26.318262
36.697887
37.52467
17.26062
17.112972
55.929028
23.646973
43.45372
40.048748
47.4207
25.279764
30.010471
37.28441
38.76249
68.63427
57.10523
39.918354
17.292477
44.20567
24.107723
39.790726
43.427464
44.933243
38.725006
64.2549
26.272678
36.500637
24.482674
21.017076
37.875473
40.888508
59.941833
27.561008
17.300583
41.22543
67.30321
37.47432
66.216965
55.58441
40.44508
67.05831
17.81165
40.32668
61.19278
39.726692
32.17867
67.84357
40.751194
36.809708
59.96425
19.618656
24.779186
40.302597
44.96191
17.590967
23.739647
30.2441
44.53418
65.998055
36.01482
40.436245
40.61482
17.133965
35.98294
49.37777
43.310757
35.501713
33.187847
40.629784
14.032578
54.591595
39.721157
24.357979
33.419743
41.272076
17.307077
15.114493
58.978218
47.60385
24.89981
41.04708
38.07073
40.508568
17.799114
24.537119
66.992004
36.933987
39.110935
60.642162
40.717445
26.825285
39.825306
52.66902
33.817276
38.90408
39.884132
57.58598
40.997684
35.89758
37.949883
40.82823
63.169468
67.839294
41.65014
30.213654
68.21916
13.9765835
15.529991
17.749521
17.151154
27.14311
41.63896
40.541443
14.719802
40.312584
66.01512
17.27039
20.460552
29.960318
16.58678
17.14553
17.727684
41.254444
19.707132
43.024574
18.01519
37.484715
17.087675
19.048748
30.086065
14.881084
26.11204
17.061062
63.859463
56.583683
41.093647
18.76374
37.455154
45.51814
67.17381
54.20932
29.744919
39.5384
36.400185
24.731426
36.270943
40.487144
41.110027
39.744576
15.98421
40.02076
39.37473
25.712574
42.030663
42.90528
19.019827
40.615616
17.571869
37.76543
17.087925
34.328415
55.425194
62.60093
14.67858
37.472088
31.192532
35.96847
30.832943
17.106548
46.33059
17.150234
20.034647
65.64885
55.380035
43.140614
67.17937
30.690105
23.439789
40.22103
38.279682
39.24579
14.502748
68.194084
44.272453
32.207993
65.87209
18.203585
46.375732
14.800685
45.45837
66.37053
50.718178
39.97536
65.69078
68.54623
30.058937
42.133915
21.648323
53.900845
34.074783
57.050163
44.29088
62.51613
47.57669
67.58436
39.41325
40.52622
37.4487
41.487545
40.02793
34.21842
14.772578
45.54479
18.160027
38.086994
48.701996
17.03428
68.639496
62.58498
41.23848
40.41681
42.12402
37.493923
40.112022
22.144455
34.93937
35.835907
38.173996
36.320854
41.103195
51.41605
40.8211
33.828594
39.103725
37.81043
38.935547
56.385788
35.383167
41.95734
49.746
30.76693
24.85179
30.246029
41.891457
50.214924
30.534187
66.74107
51.910923
17.197266
43.68015
66.7691
38.668396
55.72079
25.514809
17.04891
66.27481
40.259235
29.463202
42.370335
23.9165
40.38398
43.671566
66.78903
56.92267
14.225344
63.13601
36.313698
46.927334
67.34607
20.546448
38.82716
58.47237
39.887287
34.999886
26.917515
24.49966
68.582695
19.272387
39.35172
24.31794
55.722317
66.26405
23.651636
27.591463
41.752964
35.170673
37.946426
16.649166
38.57768
35.912113
50.128647
27.099583
38.56007
25.213802
16.411655
67.89724
39.52685
30.867908
34.536297
48.062737
17.780298
41.062515
47.037136
63.935474
41.0313
36.37117
64.806816
33.858818
41.41901
51.128174
24.588676
36.54923
33.49601
44.633255
53.51393
17.47161
37.88715
42.236664
28.194565
40.495144
65.57982
56.325462
39.79812
53.0418
38.785206
41.352497
47.71016
52.293633
38.767982
15.774529
35.01447
17.194813
19.51432
54.998398
39.801987
25.595371
18.895126
37.95784
24.594986
27.581945
23.012459
62.092346
39.014473
37.95261
40.43858
40.417217
40.830257
68.11172
40.634132
24.756222
46.23261
38.160217
62.098618
37.325405
64.43211
37.654587
37.559174
41.294914
39.397324
37.806973
51.683136
25.31699
17.02639
15.177945
23.874474
32.169086
40.279827
19.590752
57.320747
30.67144
17.306652
32.113525
21.460632
17.746778
44.49699
32.21
42.322926
17.031063
39.570885
62.301907
42.441086
34.897594
18.179415
33.30713
36.039257
25.376394
39.846806
51.809517
17.1109
63.493153
21.223064
40.558495
22.297447
66.447655
67.803986
41.55364
53.11565
61.898354
44.578476
39.822876
29.197151
23.935219
48.76834
41.05285
39.33946
67.86412
37.005886
39.458157
39.40235
42.357456
40.12306
39.282757
41.047417
38.87595
18.322586
39.61508
43.65498
29.308735
17.926582
64.392685
17.844671
45.517593
40.09524
41.49539
41.487114
51.559574
36.813152
25.842037
41.903366
40.583534
40.07024
39.456455
59.06626
18.659431
17.20264
44.495815
45.349537
50.13353
39.94908
14.935942
15.224196
55.735207
40.92163
18.20951
44.81822
40.279377
40.61478
41.45984
39.325134
40.309395
28.467815
59.25103
40.208366
34.338856
44.070995
13.973559
33.26257
21.448072
40.345592
27.729172
17.025297
38.661453
14.9223795
37.850708
26.130219
50.63577
23.90196
44.777752
39.992115
59.57641
30.007729
40.48384
19.087399
68.555176
40.871567
14.826348
17.287899
54.092762
37.744083
51.09788
29.985088
37.95381
67.70485
17.119854
68.30808
17.112259
42.60202
25.839092
39.021202
44.583576
27.729319
40.00699
37.94256
42.068825
40.590977
25.719627
30.793312
17.208014
58.49317
38.894753
45.37125
39.268993
40.9412
22.916609
14.342123
41.360527
36.39829
45.09372
40.83475
65.678055
40.04252
66.37757
24.34607
35.362293
41.28381
40.2264
25.152794
25.663311
39.839687
51.984337
50.238674
44.024334
38.39865
39.61263
66.714836
40.452602
18.465858
46.31201
22.532131
40.384098
36.672733
60.489418
37.97192
39.581573
50.88487
23.547863
39.88639
40.63251
27.435585
41.10838
32.511417
46.406227
43.76055
40.45596
60.52155
44.484978
33.29135
17.010479
32.20344
17.822319
43.129684
17.171253
39.772106
37.760044
36.367092
53.094738
40.472416
61.75987
42.23302
68.62185
35.758186
46.296528
18.460106
17.047092
17.106462
26.123516
38.4227
31.93188
53.370953
39.010456
68.41906
40.675224
36.43018
35.467175
40.28709
24.473312
39.64232
17.906181
42.049442
29.935867
36.231956
40.314247
32.067814
51.166557
35.158916
37.252953
27.79539
40.365963
37.87067
41.679752
63.12464
40.97711
39.811752
41.269146
40.08567
38.604008
17.103226
60.668743
52.63045
39.00301
37.790047
30.249018
39.81828
65.67969
24.647799
42.663586
30.066927
19.28426
17.596888
34.278107
19.747574
37.030655
39.932976
40.915424
24.96582
31.948662
27.168932
50.321075
24.189478
35.975727
17.668322
44.510975
59.756035
37.443882
57.30829
35.79604
37.745537
67.42375
40.60557
40.420513
42.843468
52.94696
36.07487
40.418747
38.101257
46.965134
40.84956
15.082408
68.20086
33.685978
59.17
41.93955
15.804702
17.10368
29.345917
42.352154
41.41417
22.00977
67.04061
68.497375
40.185295
27.58223
47.567955
40.516968
37.849003
41.16674
41.28064
25.300701
28.40892
39.722946
41.000908
24.480808
23.429794
25.390457
21.357697
40.263298
40.741547
40.422928
30.709518
37.68826
38.9123
68.63832
40.04619
40.97993
17.195726
37.203526
43.002697
54.57719
17.005203
56.807404
36.862137
40.903316
19.696894
54.943935
37.679382
34.184757
24.73521
26.948126
38.1578
41.056896
40.598175
18.315628
34.65432
67.767365
27.178211
60.847786
41.65492
25.672157
39.18764
64.226845
37.24999
32.7876
17.933617
18.595875
32.98178
38.851078
25.82169
54.044743
17.844847
47.60876
41.91231
21.519104
40.124893
25.632797
41.113266
44.422436
39.66904
51.776688
40.3218
40.606773
40.048347
38.17272
14.116976
67.051
41.02434
65.55399
23.399952
41.550995
42.22463
30.891281
36.535034
44.07375
39.004776
30.70873
20.523006
64.261734
33.227024
50.006195
64.32961
40.00081
17.703701
22.348316
37.421825
55.94752
47.10855
47.91902
17.21014
49.184196
41.720974
38.014774
50.595646
45.629883
65.5988
63.91831
45.231327
68.63656
42.287518
42.352936
67.684105
68.62363
41.498657
44.1244
40.834667
19.869267
33.557236
42.881992
67.57848
34.84279
42.069885
30.55592
20.699741
40.710747
40.874695
39.696568
42.70359
19.176277
41.10931
40.492863
32.03819
41.89482
20.76908
43.05302
47.546852
40.36446
41.9753
65.72904
39.35008
25.863028
25.27026
39.110504
37.271896
66.25337
18.359962
35.916607
18.885752
23.682484
16.65414
40.11758
38.065903
40.820984
57.83989
28.043583
24.332134
34.901196
36.599606
42.512444
34.422386
65.84946
34.637775
33.94813
19.22688
42.45255
17.06805
67.12739
35.645573
17.286133
40.67575
67.896065
32.095734
41.437157
24.768566
15.277744
37.116
61.74665
42.51808
26.529907
42.26294
40.816715
14.794295
39.769
17.938612
67.541435
53.861984
43.62998
52.610405
32.189888
42.07658
42.024464
21.416214
24.647457
44.293713
26.30456
40.025482
18.606619
39.161522
35.614105
51.909054
43.339252
42.942707
13.966833
41.252464
34.27458
55.098236
31.231552
30.911667
36.468395
39.7101
27.926968
29.891884
67.759605
46.542828
39.24705
19.54661
40.47408
38.05253
42.263046
27.207281
29.342098
26.546013
60.422443
40.489853
42.060265
32.97148
38.242588
31.954277
61.25268
40.05363
21.129139
17.55344
13.985212
18.140299
68.41157
54.07615
17.507763
55.710476
43.492527
68.19489
14.32592
64.82268
63.133163
41.800793
18.076475
40.06131
30.030174
30.800991
26.641956
17.111721
54.129578
67.169304
40.67911
39.331894
35.345993
40.722572
27.997488
30.829082
42.167603
66.89747
39.184517
24.413177
40.1679
45.534393
40.553757
39.31882
41.68754
42.980873
50.53038
67.706795
35.955505
41.76909
41.196297
33.564606
17.116768
50.783756
41.617325
27.142076
15.749139
43.65481
65.94854
23.54279
41.066544
17.491774
57.732582
42.884014
19.40671
14.075938
64.13842
41.289066
20.84597
40.618893
32.261703
40.685364
42.89997
30.797775
59.741592
40.138355
40.867973
24.30726
44.07042
44.66238
48.135246
21.92831
45.226955
35.880146
17.721268
40.943962
37.716618
39.146095
55.86113
32.126312
41.125237
39.84399
41.294804
37.579327
33.173424
25.903194
38.084072
43.29175
41.317287
43.622673
23.810722
19.866112
40.259384
24.002066
41.585873
40.142326
37.02111
58.287163
24.64218
38.79901
29.69215
24.556877
39.931732
18.1483
44.420456
43.45331
33.70236
41.24965
42.451385
38.860863
36.468376
22.051397
32.807995
68.01542
14.932936
40.263374
39.749153
24.58595
40.93239
37.789673
25.406624
40.905865
40.05625
45.40117
40.16178
23.629671
39.53495
13.9685955
41.606323
23.013315
41.78731
39.54591
39.573544
55.16855
39.41394
37.07971
40.71428
60.06759
26.204193
17.576332
36.62902
58.781593
68.47651
35.93245
19.839092
40.071644
38.98626
29.935959
40.31135
43.89682
27.45464
47.520653
65.389336
35.01675
41.93711
24.20528
46.356777
27.997341
18.413532
40.384644
67.053
51.270905
23.11073
55.82911
24.216526
17.077568
24.454144
37.64057
41.799236
47.51535
29.479664
41.9207
55.441822
38.1645
27.693129
41.984047
42.477432
38.825657
40.391758
68.57599
67.22532
25.596478
48.871925
33.039642
20.13733
36.06961
65.60218
20.046654
15.644757
21.80666
21.114552
37.27704
15.578573
39.65481
40.724094
64.70276
17.10402
65.822525
34.385143
54.16607
17.11219
43.455883
54.049873
20.645142
18.063574
64.81806
26.209133
35.724667
21.753082
47.741447
63.003136
31.17429
27.663969
59.418877
26.995472
29.673424
40.804268
38.536324
14.056926
19.183872
19.611492
63.26892
40.27686
46.296078
16.712555
39.7622
36.803326
45.3785
39.73534
54.649487
17.00083
43.97844
45.335186
27.944698
61.961094
28.836937
37.13033
66.34764
35.330276
15.323753
68.60075
40.74193
18.875975
68.249985
46.580505
54.08823
31.414146
39.70621
14.589068
18.660866
40.872784
22.98673
32.824745
38.510735
38.988575
20.65889
40.584534
38.88798
67.49047
67.34753
32.933365
37.90619
17.704067
44.709717
36.49757
37.914536
45.966606
38.973877
40.81916
42.04675
19.487604
25.96766
40.579605
55.42817
50.976044
67.042885
40.927547
15.486478
43.160023
21.022911
49.15451
17.635168
36.873173
64.41727
41.48157
36.705048
42.25563
60.514545
22.835257
57.80697
40.60882
58.846123
46.91638
27.927866
53.58109
66.07904
41.927616
38.64057
22.037191
