37.886875
39.792862
26.596367
15.429377
20.872185
67.98485
43.500217
35.32824
37.81174
43.08229
56.373985
17.575401
37.633526
42.22827
14.333454
32.13542
62.791336
43.605915
12.158379
13.810797
41.75065
40.764206
39.478783
13.224273
39.823566
12.327139
18.434875
43.36382
38.902855
43.799397
39.618862
46.24165
63.962906
40.040565
67.78014
64.9144
60.723442
64.05292
17.904377
24.006596
62.36096
41.908367
40.721558
41.499992
50.86831
41.20259
46.3251
39.90694
48.999786
44.73143
49.10598
43.284832
48.81279
68.272316
53.0431
65.30223
39.27166
40.384163
40.352028
39.592476
46.094414
66.7999
68.24127
46.051876
52.498524
13.987484
43.090706
36.277473
68.37508
37.30729
14.3402815
33.20896
19.568499
16.788734
20.041569
32.263985
40.68142
52.49078
40.88538
41.888504
53.95106
20.741228
34.792038
41.863773
40.35214
42.47144
45.63958
36.68932
38.346252
37.369656
20.843132
29.045288
58.557423
18.065247
44.344315
40.704483
44.491825
55.73635
17.458351
53.122223
35.512028
34.127506
33.569695
55.86545
17.173672
22.632385
24.914452
45.5075
40.12529
40.194744
62.202457
28.682814
31.212034
63.210464
38.513786
23.939032
60.484436
34.2837
36.970337
21.898657
37.318733
20.681381
36.571266
44.639008
36.707916
39.8822
39.668343
51.236332
41.01781
41.42503
29.842125
40.480297
41.43065
25.879738
39.36033
35.24359
34.730118
65.59642
55.51441
15.0458765
17.611477
21.274261
48.976387
47.24704
68.38371
16.348124
48.503128
35.248543
34.675926
21.631477
41.41194
51.50534
19.823555
40.60859
21.148092
21.321194
30.773252
15.252526
43.758823
52.136993
45.561535
33.656807
63.88341
67.92065
24.76561
41.866028
28.388153
57.883343
45.535496
49.679943
40.074013
39.335526
43.5252
28.498466
66.0146
44.673195
43.36517
40.752007
21.074474
41.72554
50.702057
40.5665
36.898354
44.129276
45.678383
40.010094
60.087234
65.34288
42.966156
44.136322
41.569664
37.855946
23.070465
63.658672
21.347572
63.766937
41.453957
54.240555
14.615344
43.720024
39.01356
36.521835
37.059948
52.05368
33.95581
32.76696
35.89364
21.061306
68.40261
23.368713
41.917664
68.047005
68.07811
20.119335
40.498558
40.879765
27.48468
46.41134
56.06726
33.592125
67.93495
17.626307
26.719978
45.38545
33.927532
40.59439
46.569496
57.72377
43.20772
30.748642
48.216522
27.566864
68.22009
15.084019
26.657131
41.20175
23.403542
50.303913
68.42225
41.087105
31.640186
54.47379
40.281544
67.305954
14.457163
14.544797
21.628223
44.106556
29.498978
43.750862
41.267357
39.915096
21.388527
67.167496
44.68966
48.911583
60.937477
41.073383
37.325424
14.418685
29.87218
35.254913
41.637127
39.300934
47.005604
31.954628
44.770737
43.828133
27.180187
15.028884
32.61315
53.826782
47.945698
19.879381
25.201687
11.6882305
30.416529
68.39273
59.70567
41.377304
39.67934
16.133818
43.881042
38.545906
44.11778
65.54655
53.073467
43.543648
27.050198
42.258667
18.005554
31.802298
19.81089
58.564682
54.193127
44.062965
14.664384
15.26996
67.86145
42.500122
26.064678
41.53214
19.623695
26.841686
43.016098
64.4467
38.518936
14.292487
44.84545
39.851368
63.888397
68.30863
14.624639
47.856415
32.16414
21.234295
63.30155
57.26526
41.65716
15.211378
47.07735
50.891254
37.827816
40.351303
47.218964
42.57573
67.59215
21.259369
44.938736
47.791443
68.06102
39.557415
59.764446
13.817599
61.77293
57.422375
53.004448
33.213547
23.235817
37.886753
14.450912
14.473038
59.270252
50.094517
40.627968
68.41673
67.98801
14.099467
67.2381
48.103542
35.97393
19.220203
40.23229
65.7814
34.196804
36.55061
25.216913
26.97628
46.835556
35.57025
67.3444
66.74397
42.715397
43.905388
57.325565
41.35105
68.23772
14.725002
37.404163
19.979557
33.382397
37.959785
38.513256
68.427605
32.53691
40.718815
67.253494
26.752028
39.07583
37.948868
27.048515
44.157944
65.94145
62.628284
39.82541
37.79133
43.40867
39.13465
66.71471
21.419655
14.32845
15.989302
31.856775
39.6719
41.763252
24.207312
66.04445
40.289444
31.631905
23.20607
25.066568
25.977922
68.42374
41.956
18.606388
23.203957
49.743713
47.22179
65.48552
68.20405
67.49707
41.212887
39.896248
28.50158
50.58081
27.161633
67.942215
29.249727
58.427498
36.786556
29.324944
42.456726
39.493423
48.739094
16.73434
68.41556
53.43961
21.278265
38.73064
17.384527
20.90562
17.33236
42.43789
25.182224
33.396503
38.463486
42.1725
46.088398
15.425258
41.27881
68.2436
41.938232
32.64229
25.055168
51.535107
32.376183
45.24741
40.112663
45.821907
53.93432
63.71112
30.27655
67.885284
42.445267
41.139122
41.72064
31.74548
22.790503
66.92554
67.53949
22.241938
64.67976
55.263332
28.216812
37.55713
29.025494
26.42611
28.271238
40.946102
14.571547
41.911217
34.944214
46.05297
41.50055
17.956371
43.864857
38.680405
51.397587
33.931538
22.54414
41.32526
21.239464
27.136063
17.311905
24.496817
17.870068
46.87706
15.062303
48.684834
41.789886
40.176792
44.756504
19.086212
42.749763
47.26066
65.70882
24.113586
41.47446
63.54182
35.492188
62.741146
59.50429
19.003265
68.34183
60.407516
33.541344
37.41146
45.036396
42.974934
39.697002
38.72885
51.680206
49.376816
39.32296
45.07461
41.827957
35.964527
61.86028
41.147774
46.711647
44.614273
45.225666
38.888306
15.021547
49.324226
40.56185
46.372
34.793602
63.566143
46.347282
40.861916
20.779581
61.866608
33.72979
40.59894
21.608463
31.601091
21.484926
44.897087
68.35214
42.13464
39.585175
49.276123
15.162758
24.911024
42.65661
44.314537
48.42846
52.55432
43.25352
14.409468
66.978935
27.341808
38.058334
39.294563
35.833736
35.625065
44.884083
63.89474
53.28329
33.45691
41.308437
57.057854
19.572193
33.664963
30.632
43.45218
49.857033
44.340992
15.633059
19.746468
15.628742
38.995888
43.05368
21.540451
14.607074
37.26063
68.40274
14.922271
14.489445
38.928635
66.68054
65.68388
65.91646
42.7098
22.754433
32.994423
40.579445
41.54398
68.42125
44.37495
43.946785
62.654655
35.14198
22.145245
40.299835
37.337273
51.125454
39.6421
38.90908
22.165417
41.02427
26.35263
58.319496
54.4834
17.523695
37.721703
40.48897
61.9277
14.678969
40.273865
36.213024
25.764257
41.94399
42.06097
41.403282
42.84656
24.29515
40.95069
35.686752
15.793821
43.097267
19.234205
62.99763
24.423208
19.20391
37.23219
42.71047
14.5837755
18.663414
28.72852
39.32569
28.04699
43.757324
48.83103
48.455765
49.815758
43.331696
42.140167
64.81496
41.419865
21.170464
43.913834
57.921413
59.640247
29.339104
32.329643
68.37186
24.989567
60.151917
44.53073
25.488155
40.828266
21.34382
45.778675
40.075706
19.625069
43.53131
44.648277
36.020935
41.09222
21.841024
57.898495
40.019363
19.124968
39.97901
56.18824
26.136694
68.08827
42.297943
40.41587
39.505108
40.622772
17.410385
24.974476
30.451874
55.261414
40.118507
28.882954
36.545757
17.846622
57.70449
23.488558
25.11833
14.465182
44.526436
47.71252
60.581554
59.40441
58.805435
66.707886
37.55798
14.684825
67.30634
57.083447
39.57713
41.003872
64.892075
17.012156
18.374084
50.590324
65.67678
55.140305
35.05081
19.110634
39.91494
37.200844
43.261753
40.352425
56.99647
39.55728
40.955524
41.41777
39.882755
62.298897
20.948559
56.236588
16.438932
28.16819
33.87684
68.34805
21.169456
68.36873
32.007545
45.05275
41.351486
47.874374
15.441101
39.117176
42.631123
48.84297
37.26407
38.179634
18.043861
60.567844
65.99948
39.083206
43.061504
44.860847
39.57294
14.753876
60.567055
63.420597
46.082615
38.6323
64.393
27.5553
43.354336
37.33528
47.190094
43.989975
35.76197
32.61505
44.69973
39.17359
46.942715
36.645073
40.03031
41.80036
35.62224
47.78026
41.81587
67.4296
45.777306
62.15934
64.447426
33.655697
20.923603
34.99469
39.128387
16.094463
51.517452
54.182575
42.859436
50.869072
21.346233
41.42741
29.1848
50.7058
47.904392
61.09296
37.42112
42.729145
42.77086
18.846172
64.36915
27.581419
37.77045
67.53991
42.1138
21.520163
44.629086
31.779764
15.573865
40.011433
17.24416
39.66716
64.04374
34.65515
23.028969
42.835293
42.0401
41.416965
26.371502
48.618
55.109627
42.959564
26.88473
20.317533
39.663307
39.43167
33.423023
35.42466
13.8134
14.953813
29.394714
68.20539
60.625076
34.786602
44.8555
40.497528
46.538586
38.04318
17.528728
19.080406
38.86384
19.858503
49.143585
26.379713
43.803753
50.279648
32.57775
35.96399
25.174904
44.688347
44.498543
21.719227
25.707943
68.12042
42.42297
28.956207
46.89102
67.70353
48.25464
42.02402
39.378532
47.78496
66.10689
66.09746
54.666176
40.682533
37.807938
15.276021
45.922012
23.948082
40.957123
14.860968
63.591015
36.21147
24.102512
42.555935
68.22264
22.384953
67.777115
45.183754
65.572174
46.372726
19.48273
15.74896
31.96723
47.40056
47.23175
64.2596
36.75341
39.1367
41.0756
40.478924
33.38982
60.174255
42.591164
55.866966
30.838951
30.01622
62.55517
41.44233
40.50005
57.90774
24.31634
65.964294
55.2474
23.327955
46.338955
24.35344
68.20531
35.71569
40.41131
41.203518
68.20949
46.797565
40.30642
66.46349
42.179924
67.70501
42.94336
65.08249
46.582302
54.476852
20.879412
52.60733
63.535015
68.174065
32.752586
65.239784
39.514572
14.526761
54.317448
47.734993
38.911896
46.86453
41.055283
40.678017
41.11515
46.264256
64.8109
28.901354
43.623833
36.64015
20.903233
24.42556
62.159798
33.364418
66.52484
47.574432
40.824062
28.334408
12.331677
66.596176
49.969147
28.696259
32.749687
35.626366
67.380554
40.330704
46.20188
47.28404
67.08207
43.38511
57.285877
28.398895
25.37121
37.393234
67.92604
14.359503
68.43152
20.493515
49.829742
21.477333
68.429
58.129875
40.915096
43.413742
40.45694
45.3025
40.618073
65.769196
40.94201
40.10807
41.745842
40.289055
35.472977
58.02374
47.006153
42.15248
13.537699
31.074001
24.441425
33.39337
66.63565
41.839634
42.96627
41.483757
45.642403
39.237423
40.53204
37.072502
45.447475
41.51622
40.90407
32.881737
37.40572
54.53499
45.68848
60.700577
15.741059
39.360195
46.990158
40.32457
40.92646
67.57037
19.360401
41.042
44.606575
44.1949
24.132948
38.530727
37.978664
45.69643
44.023888
27.680466
58.657326
42.12506
40.148342
68.10512
36.98832
17.643635
60.10974
32.218605
17.564499
68.18581
39.183815
35.47093
39.993034
43.377205
42.11686
56.744003
39.026215
42.896023
21.109035
42.075077
41.147915
68.07583
26.005003
43.34737
39.46592
27.232328
64.92961
40.874317
42.598858
45.286926
25.007015
67.14903
41.113377
68.42538
26.72344
55.925488
43.27196
32.65459
68.02815
23.245405
14.737722
16.508759
36.51756
14.26648
24.309631
67.86247
48.606667
68.281204
33.54773
34.39357
45.20578
43.29248
28.828773
67.90184
25.108097
45.48785
67.02304
41.2181
68.065796
45.692154
40.569687
17.539486
45.727367
14.0334635
14.8256445
40.89313
21.002457
24.751152
67.36403
36.369102
66.39219
66.70445
36.228317
35.815014
66.79136
42.360252
42.07715
37.58106
20.788805
19.449617
16.138517
61.67762
21.486992
40.74505
39.562195
41.92775
44.725105
68.210526
64.07063
68.212494
21.500134
29.284126
38.23755
40.77417
17.517017
34.85089
51.589924
29.040634
48.52161
16.720865
20.313744
59.567894
41.700436
63.549988
21.658424
21.4043
25.556667
41.786247
44.880924
63.204163
40.55031
63.602745
37.43017
41.663887
21.322811
25.071907
43.810204
22.525358
29.730537
59.192394
22.832642
29.820976
40.910255
61.250706
37.636402
41.81224
39.520958
41.514137
18.08535
68.386086
31.731348
61.992256
40.367153
19.71425
43.22454
25.490864
47.520622
47.10002
40.933437
14.913416
12.672433
44.48675
66.084724
25.37984
53.53596
32.143482
51.6506
45.30757
17.73639
62.437725
45.272903
39.51326
39.074577
31.322159
41.766136
39.395454
22.384472
43.15816
33.212624
31.864656
42.593685
58.141754
29.157103
41.1525
47.145153
25.292387
39.68689
37.428856
45.547775
40.71921
55.520775
45.90669
56.370438
54.341965
67.17055
56.31929
34.08372
27.280613
41.410637
22.809196
66.836784
19.97266
32.547394
50.67179
41.26644
67.59474
62.156113
43.196728
30.05296
20.469267
17.159079
51.095917
41.556973
45.800217
36.196327
21.263674
23.638607
28.121181
18.880138
23.206291
46.85618
63.657715
28.880054
64.32927
54.401443
67.45363
24.044338
33.0812
13.823569
31.612
51.56742
60.917484
24.947186
31.487373
26.991951
47.276253
66.85895
24.776203
68.31612
41.37954
41.530468
40.531193
66.69583
56.908504
67.92932
36.716103
15.05088
68.107895
40.759293
14.648871
38.84267
34.41918
60.54614
42.05079
16.539177
31.256577
19.391151
54.187313
41.519997
41.12357
40.497517
57.9029
42.525078
16.29567
40.745846
38.229374
23.084637
62.853233
53.294308
54.239777
14.931402
48.81704
43.225258
45.7638
42.0961
41.794327
40.987644
43.284557
38.60057
37.71395
28.594467
25.84171
21.046993
36.715965
39.40346
57.01223
68.326256
40.221558
33.385067
21.430416
14.388202
37.73227
25.391888
43.952618
43.669476
46.563725
43.70128
43.498577
67.98137
37.99161
34.01378
28.318394
27.750193
42.230194
46.118355
13.870201
44.194435
49.412395
41.398148
45.18653
44.3543
42.742657
40.57625
39.443417
48.91438
67.443344
36.216274
40.23556
30.796858
17.880566
14.279592
40.922966
41.094444
27.55511
32.24526
39.993576
44.907265
67.676544
45.582752
26.89662
14.360048
40.47987
65.29999
64.60461
39.789963
40.66914
42.423584
45.53151
64.48343
41.895103
43.98974
67.04532
30.956182
34.95931
31.56821
32.231537
42.677334
41.267242
46.65322
16.999578
67.756134
37.771667
33.23527
40.584663
39.695244
18.44395
39.974392
25.84393
21.056915
47.27734
39.420975
51.34121
40.757164
46.227215
28.03248
63.802326
44.371674
45.474144
44.946808
43.72683
43.88361
41.07393
24.281485
17.803776
21.555786
66.17018
47.475662
40.3391
67.75354
44.721596
56.07827
24.953794
39.82136
34.8397
42.680157
24.089468
25.818115
63.513794
23.220432
40.62681
35.193058
25.696539
39.37493
47.084343
45.379475
26.548155
68.43515
38.240433
31.6455
53.7295
60.321198
17.932915
49.028343
42.633125
38.897766
25.04494
24.099106
61.88232
25.848047
14.310335
33.47989
66.104996
40.49735
39.509834
38.69353
24.655287
33.779713
42.79683
38.45916
43.583244
39.656105
46.695145
65.88755
43.979828
50.80486
43.558243
40.68161
19.662971
43.47993
25.466919
36.521015
41.12187
21.59729
62.970367
42.379322
29.855732
41.25072
19.512587
45.15719
45.347416
41.300217
56.153774
38.99337
21.454702
38.879486
65.3835
65.701355
23.47126
26.967506
39.861347
40.509506
26.197203
51.98114
32.4888
66.625534
42.83882
40.53732
40.67244
29.00061
37.046017
29.395063
41.46493
67.41792
37.04178
39.75167
46.511887
43.463364
45.60273
12.016085
30.199524
40.65038
65.03999
21.431885
37.02368
14.608039
17.598642
30.126434
14.60449
45.842136
22.265434
22.907507
39.955658
24.545374
42.42961
31.359333
44.25966
67.59166
66.27645
31.575981
68.336136
21.326246
14.65558
42.56996
40.135223
47.59801
38.41675
28.303204
41.075436
43.10714
60.25341
46.159824
34.609787
40.398018
43.71987
39.655148
23.580725
68.42598
48.861248
42.067867
36.072357
37.612877
46.17785
66.85857
57.836235
62.23655
68.35155
26.462757
41.76599
66.35616
43.055016
25.275581
25.826298
35.876305
40.686436
41.240517
40.835163
66.47576
68.33301
26.74883
68.16668
33.2381
42.567703
17.11861
42.740604
38.60354
14.678607
43.359325
21.378326
40.39968
41.28308
39.63696
62.0237
30.381708
68.40193
40.953754
47.60048
65.9492
15.561725
24.294668
35.366867
42.793793
44.321754
34.13817
42.263187
58.70668
55.784325
43.00809
20.461945
14.375155
14.007002
59.740353
59.22551
44.019928
26.906292
39.407993
40.24806
49.72573
42.27796
38.253616
49.79808
15.185795
64.78023
34.492256
41.221703
37.236343
68.053856
47.874943
44.39313
22.001925
47.689102
32.28379
68.43032
17.530254
34.137894
19.042297
14.3554945
36.70927
15.932126
38.320778
40.11138
47.934578
46.764393
30.286549
65.863716
50.2595
25.258896
42.009792
42.07713
68.340256
66.52018
53.22161
14.726267
41.391304
41.631657
20.62051
18.957804
40.849815
39.901745
24.69029
27.475487
65.903275
43.012863
38.68538
42.62853
63.116512
31.00801
21.675335
39.79522
17.505554
57.07222
40.816677
24.247309
68.26714
38.84749
31.75517
38.186134
44.630684
64.72942
47.436745
43.01001
41.229103
18.671207
67.24893
66.68957
51.488026
23.92263
13.733366
67.15624
28.445786
18.240444
67.17471
49.57714
45.29928
40.407627
39.038177
43.426826
55.440117
35.795326
48.935593
65.59083
44.678726
26.921497
21.341974
38.788273
35.87491
43.082355
40.148254
44.434013
38.953472
67.03223
67.54506
62.198116
22.665905
39.351734
42.05828
40.404358
43.73973
48.459267
42.42266
49.83863
24.044184
21.186386
45.557556
40.592667
39.90894
44.424713
29.802578
27.505978
56.777363
40.11752
32.581333
36.26516
14.582536
42.72033
16.007202
42.442375
68.436935
21.861355
44.33846
47.685276
40.118164
41.402138
23.708496
13.785938
44.90342
27.15744
32.68909
41.51133
44.138634
43.251858
27.367165
29.214554
39.01975
23.636795
35.085106
40.873165
18.004013
43.87828
32.71184
41.24762
24.072456
15.858159
44.46261
66.29231
63.586254
43.79072
65.57048
38.86343
53.8013
41.054314
46.872494
14.192694
46.29329
54.27453
40.303654
32.89231
35.799877
61.105
59.59266
17.417522
40.975998
38.287975
68.43455
47.8284
67.65109
43.27237
38.713825
40.956966
40.51451
43.8725
21.809578
25.238483
36.1102
29.200085
21.094574
14.687678
65.83246
21.02993
42.96569
32.079777
41.861137
17.80875
46.34381
51.637085
39.7463
41.142063
42.717598
36.50318
19.184196
47.542908
56.038082
15.302761
45.61306
42.12508
47.02394
38.552914
56.785454
68.42825
20.795628
45.111465
42.04437
65.99596
21.36507
17.075043
68.435844
42.011913
34.951183
14.783049
14.407046
30.586203
45.002342
35.76731
41.491085
40.81902
36.050705
41.568573
42.20401
40.75415
15.166535
40.707813
41.60552
19.305042
16.903004
59.712444
33.680843
48.749146
46.32586
39.34953
20.55296
42.92017
68.18989
50.821136
67.83456
28.49811
67.07277
53.561665
68.38616
45.70511
38.823982
42.686848
42.542995
32.754307
44.81666
24.97324
14.900639
64.76631
68.35037
67.27479
27.080713
46.894745
36.71145
37.025417
66.35365
14.011869
42.49877
40.814857
22.103416
14.612644
67.8073
64.701256
35.617138
50.09256
47.3802
67.21772
39.932274
14.2624655
40.568558
55.029778
60.236454
26.427183
64.30327
41.334442
38.842693
59.094986
40.903553
61.56235
26.832298
45.7427
62.149094
36.010696
29.47079
38.473976
40.16362
43.45585
20.447792
40.569466
42.659565
23.575806
41.594654
67.71119
64.664474
25.975311
14.3100605
28.638863
22.714931
21.527645
43.25088
25.246544
64.42734
35.68829
58.09316
44.422726
31.996382
18.492414
28.870354
17.11845
57.156155
49.032223
36.113907
65.94353
39.68616
39.676926
41.11283
37.41501
32.54213
40.652016
41.127647
42.269093
47.8965
43.761795
41.235214
24.571472
39.1596
36.75795
40.96328
51.302826
39.42015
30.596191
14.403712
37.77146
21.454102
36.43996
27.354263
32.683815
40.518085
42.142174
16.60503
47.268875
26.944084
49.612602
35.25782
66.156654
18.691496
59.504654
44.403717
43.653324
19.607624
41.387325
38.630375
17.609951
53.05736
52.339317
38.288692
21.49017
51.409622
14.320109
68.06642
65.43217
50.281624
42.147903
40.455
48.564426
51.705166
25.998768
23.628178
65.85329
14.37439
38.19999
23.538101
43.990517
54.018345
67.14612
31.589172
65.1015
24.437061
67.62468
48.75064
52.692883
68.41038
40.926422
64.00093
48.86858
66.96716
49.490105
47.256393
48.39303
26.026245
66.31767
51.37731
45.911873
40.265385
41.640118
30.70633
44.54602
15.291907
45.093666
37.501762
20.43671
42.218388
59.991795
68.21391
40.712276
13.26121
51.07346
37.596527
66.34398
21.206095
59.783493
37.834164
68.433426
40.51467
20.027975
12.745769
29.527418
44.948174
41.64235
40.366932
39.497505
66.30913
49.43189
41.567757
30.103115
41.67736
28.53362
44.69502
44.439087
22.805023
55.699017
21.328829
44.86554
67.69557
59.603733
17.864351
40.960197
39.21457
14.3068695
16.14082
22.762173
39.19283
40.172153
42.34485
17.418222
20.084438
40.922462
62.723057
68.21553
22.26984
40.341866
34.218346
16.267292
43.361847
17.236744
32.59668
30.335802
41.56491
41.309654
60.6449
64.255905
42.40578
63.563507
38.121483
66.86296
16.673645
43.588867
27.704317
52.6542
31.251068
59.17238
24.555634
45.238014
39.743286
21.250416
43.568592
40.362316
68.34327
24.708847
66.43591
60.990345
40.435265
51.49648
13.334773
42.94403
21.053581
40.574608
46.172054
28.68232
67.97164
14.287016
43.112648
42.816616
66.15867
39.67885
21.35358
13.930584
15.715674
40.443024
48.023468
44.429726
43.425964
33.135803
18.341597
39.712482
40.34813
66.35426
49.315304
40.50702
41.14473
19.043621
30.470362
42.90281
44.23359
45.87153
30.379559
44.327045
26.021236
26.944448
15.598959
34.62339
36.054855
37.760056
44.75419
47.603394
19.865936
22.90924
63.846016
59.77819
49.135338
25.245771
21.772747
14.559814
11.87685
17.950867
68.11962
46.41439
53.08418
33.28684
43.198174
23.94767
25.126476
42.475098
44.84093
11.630619
42.24358
14.479038
35.473476
39.674843
38.87704
43.544487
67.832855
41.588562
14.424931
42.68274
21.604496
40.719162
61.866554
46.281002
23.76746
28.323427
42.707077
41.530495
44.315964
33.737633
57.93477
62.291264
26.080753
44.651443
61.857445
42.701385
44.77249
67.77316
44.769783
14.452465
63.525414
25.971401
46.505455
37.43282
23.899588
52.401848
38.80184
67.464874
21.573296
30.467087
52.249516
41.36583
65.569115
39.45836
28.28017
42.105194
26.994299
26.043493
49.521267
27.3038
35.494846
17.28238
45.44017
22.883694
57.725803
68.34608
59.350594
38.501793
68.429436
51.509457
48.90113
62.037792
44.07721
45.17962
44.618313
33.196896
26.03963
44.735264
40.947433
40.521217
32.124783
37.558895
34.315628
33.36017
40.544586
40.90432
26.896957
66.80786
30.395073
20.08611
40.975132
24.706211
55.656487
32.229458
28.90543
68.436066
62.286263
29.026241
29.593292
14.375145
66.428085
61.45668
37.099785
45.96678
56.706215
29.248398
68.41284
44.60739
41.241093
28.637348
16.50399
36.539112
66.35683
46.719902
41.343246
41.87959
40.6293
47.094414
24.029713
18.238121
21.56543
26.972416
49.192436
66.427185
12.504143
41.163208
20.19934
38.81216
44.325253
43.351833
40.382454
39.986073
34.724403
43.500076
57.01432
54.757763
50.053486
32.77403
41.004433
27.341978
28.703226
22.16819
68.43591
40.63651
43.26973
44.24985
21.376038
48.709133
68.42523
41.711468
40.18361
21.29158
15.120313
67.541214
50.250298
41.53884
46.310837
46.285522
26.904219
64.73098
41.695858
41.571312
31.939058
47.197433
18.493343
61.702858
35.875458
53.79624
38.033157
68.24268
38.384743
48.12539
39.34337
20.248268
43.044807
66.81707
30.187294
28.539673
42.357662
42.3029
42.99597
41.654163
42.196564
21.507103
68.09624
41.130135
45.89208
45.477707
59.34384
68.42392
14.45423
34.373524
42.71499
32.971153
41.775185
45.360058
60.76303
45.927956
38.314396
26.159592
20.977438
40.766235
27.757526
22.98122
36.79155
15.333264
45.972366
43.125214
16.589386
16.738848
45.80294
18.798006
50.207424
43.57023
68.28256
55.000793
44.880512
32.530457
30.182453
40.140045
23.56777
46.770226
42.679718
25.324705
63.95681
38.97592
17.197174
39.24632
67.901764
41.36094
15.060833
20.661465
26.417599
68.22686
12.960956
68.04347
49.825844
17.672825
51.247704
25.166285
53.141014
43.37858
63.569595
39.182423
59.157635
65.430664
36.751728
39.740337
46.45624
14.081515
19.064106
34.303486
25.628448
49.0003
33.00396
13.686826
43.72648
62.476963
64.90503
39.13984
67.8177
37.839657
32.130203
34.916992
53.643215
67.18552
24.085503
64.45734
25.987621
40.3539
40.297718
38.01925
51.42917
15.674364
44.183235
43.030624
40.343346
37.0614
27.33675
44.003372
24.434605
39.77469
15.235032
40.48491
27.839893
42.47019
17.709572
67.414894
31.577362
68.434135
29.834549
21.62313
22.400768
39.696808
65.46158
53.536713
41.947952
66.56036
39.273006
17.584621
68.43416
15.837262
23.721039
34.638557
52.900345
56.766838
15.066992
50.39519
44.12967
35.70589
41.264526
39.21573
14.375094
40.489662
52.62795
50.481194
24.410114
40.265564
34.14626
15.094511
43.658657
43.321
29.878662
29.190916
40.94132
18.219275
45.75804
20.143528
41.787502
41.909557
53.018112
44.447212
20.95713
14.669079
44.383682
50.547832
15.604581
64.63818
37.994102
43.68142
23.750578
40.77007
37.07869
68.38189
37.728645
68.36002
42.70081
39.50311
39.026203
52.52832
67.90878
41.823692
36.360394
26.554657
42.797096
19.99069
44.09475
14.711106
40.37366
14.643836
21.23743
41.781532
40.449833
39.35962
27.22254
62.872055
62.205734
67.18451
48.135635
68.19168
27.201485
13.866691
22.475807
47.907978
39.86547
25.37637
30.930576
67.75966
20.742798
25.462626
14.429563
37.963997
53.19847
48.51291
44.86794
60.461437
27.745872
18.112896
40.4743
14.447364
21.125057
66.11694
61.4492
51.18585
17.578117
45.887074
24.045092
28.442707
44.88798
35.722233
16.41236
66.77362
36.46169
20.813736
29.628185
30.617702
55.34903
43.41744
61.485733
40.174095
40.665108
40.55699
44.600666
33.815475
43.925953
67.28403
40.438766
14.421623
37.283268
30.95325
38.749043
57.868526
63.43451
24.856745
31.596443
68.11036
41.031307
43.821453
21.739658
40.04184
35.760414
42.24543
38.115658
21.828205
40.4695
64.82164
43.843597
40.910545
18.725714
28.796839
47.836857
67.973465
15.983823
39.296097
41.310055
67.99103
65.49732
41.075348
21.914139
66.324036
39.947136
65.99303
54.68493
41.532265
60.230522
37.93858
25.547596
54.53248
51.98802
65.33769
43.223984
51.919033
31.378157
25.501604
31.162415
41.037285
42.140892
12.746098
21.161196
18.432638
35.001274
66.8569
41.310337
62.397987
21.776295
45.461704
36.207607
54.382053
41.71653
41.757748
66.299225
40.16685
22.540176
12.113696
25.69093
23.51411
14.507568
41.57662
29.287588
14.658524
47.33705
46.855118
27.371902
23.382118
66.17403
23.049175
49.361107
60.25533
22.410128
27.223255
25.799192
58.100555
58.830826
43.921207
68.42569
17.020317
40.46812
14.5019655
44.58812
50.45061
46.346016
13.5264015
29.133099
19.14096
43.45361
18.749996
14.374688
29.294794
43.289738
61.99803
42.195366
40.39197
16.912586
65.16507
43.089478
25.848276
26.278288
40.976364
63.646156
46.67746
15.350548
30.383139
14.383461
25.334435
60.16217
68.01088
39.823334
24.158743
25.758404
47.64922
56.67447
41.953903
24.456211
49.316887
66.57902
63.35113
40.939964
31.722977
42.990623
41.389206
68.43612
67.23799
29.081787
43.212883
64.615585
57.18603
68.35838
54.159084
40.016727
48.99214
26.572655
42.611626
19.243347
23.673258
39.451115
35.109657
59.34671
36.33822
58.462875
40.432228
24.142115
55.596348
14.342032
14.594038
67.65341
15.3150015
46.12315
18.28321
14.876406
65.38053
43.55274
37.21395
41.535328
62.203224
44.414158
36.36104
16.953133
41.007515
44.61524
40.634377
43.659935
14.73305
27.099659
41.049347
33.342636
39.814236
65.66278
46.370052
53.014454
31.680584
65.8129
39.92218
47.93682
34.114067
43.05538
42.83698
42.55818
45.592236
39.532158
32.985374
40.284554
25.654812
66.47752
13.033266
39.45822
36.159668
43.32209
40.581726
64.315414
26.722008
30.0804
45.031075
38.07932
29.930946
45.428066
25.217043
68.43228
44.81308
47.39406
12.100466
42.645283
26.26906
52.896667
48.13876
40.448505
63.61453
67.075806
31.169315
50.32003
63.63758
15.181011
25.933691
39.26026
22.745384
40.62969
64.3799
40.403675
55.377563
41.088417
24.600903
16.632122
15.734143
28.183025
39.789337
40.533703
14.036632
46.048466
22.588074
65.86734
49.186523
24.818853
39.56909
13.880638
35.00087
14.930733
19.996666
25.13414
48.609512
28.466248
14.584679
44.43017
67.7187
66.96181
41.917255
45.48802
49.588287
41.27015
27.212164
25.232304
29.260004
66.09455
14.524133
40.151176
43.693867
21.500757
65.369194
35.907185
42.019512
51.642147
55.73873
31.864965
61.176586
34.400543
33.489285
28.745602
39.455853
22.182404
42.459396
16.88676
23.307821
39.78056
41.917305
40.399933
32.851852
59.52118
65.77587
37.83496
56.55374
68.22127
43.73916
42.30155
56.65581
38.84506
40.412777
68.215935
39.32567
18.264017
64.195595
41.28131
42.78155
21.027775
44.753998
64.454895
38.091393
68.40477
15.152295
27.13218
66.831055
15.051824
37.2304
14.692311
26.524235
26.814133
28.054623
16.832054
13.9267435
47.910378
39.89508
45.16843
44.25459
52.041794
22.079567
34.475143
40.83867
39.86132
68.43339
63.12095
40.40412
16.28563
61.578156
21.292034
43.448315
49.83548
48.213196
38.129246
67.98009
26.283638
40.5643
21.235847
21.32742
34.957058
41.260757
67.24819
40.316402
15.466666
41.502678
63.661285
29.576084
65.81765
61.119675
47.48638
63.20313
39.536514
44.073555
61.587646
40.2649
45.406597
68.23918
49.720215
27.364906
67.42708
27.361435
27.895515
41.774216
47.929672
17.516373
21.111418
32.890125
43.752464
64.643394
29.025
45.149834
43.291023
14.643739
40.092255
52.61258
47.01596
26.65241
40.053123
44.115288
14.3303995
67.16138
37.76905
21.424458
37.701904
41.22961
15.869496
20.542793
54.619564
49.33307
18.57883
45.338135
43.673523
48.852375
17.69718
32.53974
67.986946
39.629593
32.517975
67.307175
41.84011
22.093985
39.485603
58.952713
47.02266
40.653778
40.848515
51.11708
40.431725
29.927708
35.02972
42.47676
67.6651
68.14602
42.058674
40.39132
68.20863
14.277782
20.513035
17.819437
14.569518
28.689636
44.678036
39.279793
14.926167
40.649227
67.37665
15.464347
20.50032
24.697445
16.950092
14.293446
17.809029
43.28701
20.981976
45.937027
17.8713
40.4713
14.465009
24.724072
25.7227
15.283319
39.85993
17.933167
66.96041
56.2409
42.511623
18.790615
36.880646
42.439777
68.31261
64.57752
26.371086
40.92712
37.763683
21.084332
40.201416
42.23525
40.52754
40.251923
21.000164
40.997086
42.528122
25.466858
44.740932
53.769928
18.309727
40.16542
16.242348
44.4128
12.462898
36.4684
62.047195
58.627243
15.24582
40.5868
27.205616
33.14144
24.803024
14.644493
60.97404
12.724972
26.01857
65.959526
59.56408
54.056644
66.6741
26.675014
25.808685
43.19705
38.838818
38.046715
14.557856
67.82666
53.859932
28.206379
66.61148
24.075573
56.296722
19.867153
46.421677
65.93709
63.26037
42.92649
65.58217
68.435936
24.626648
43.911964
40.484715
52.14494
37.940636
59.620316
43.751938
66.998474
50.14408
67.496994
29.996658
39.028408
39.680252
46.74242
44.350933
44.391197
15.013333
59.615143
26.697662
28.469852
62.100346
14.080798
68.43687
55.60512
44.31613
40.254784
45.769157
40.419834
39.93981
27.152264
30.85508
46.593136
39.34181
26.01809
40.868134
62.892902
44.689972
36.349384
35.274796
39.043316
43.73063
47.56756
39.3313
45.765087
61.308712
30.45472
28.012533
34.937588
42.39048
55.014614
40.251236
63.061665
65.54448
15.46544
52.221653
62.061047
40.182472
58.512074
34.87906
13.765814
68.27774
41.031487
29.49316
65.27808
21.263699
39.224854
45.172676
68.33555
64.21231
14.626151
65.08174
31.826277
50.41733
66.09579
20.047684
40.568203
65.15378
36.38762
41.45526
27.623161
21.759491
68.428635
29.11857
35.094215
21.269466
64.4102
67.96573
20.08937
28.60413
45.15089
26.256882
35.3494
17.614563
39.58388
38.83266
47.785946
24.351603
34.420547
25.804176
15.679463
68.257416
41.66191
25.38338
40.58721
63.141506
20.239319
42.586445
61.109287
67.20478
39.542614
35.8814
67.80944
46.85774
44.91966
64.05652
27.185032
41.05139
34.92495
43.932503
53.428345
17.590557
26.638685
46.31105
26.255922
44.273285
62.52595
54.677284
40.910744
56.277557
39.12166
40.092415
61.865067
52.953407
49.41012
15.897269
42.05237
14.69371
25.641691
65.855225
39.27778
23.813065
19.17677
40.64741
36.597946
30.453554
40.630405
64.84367
42.049824
44.539906
45.4553
41.710938
41.22397
68.367836
42.954777
23.296844
49.154198
38.024162
66.5944
27.811234
66.78999
40.331627
36.843174
30.07806
41.972664
37.927567
56.688385
22.845078
14.236353
15.191439
21.274326
36.884712
39.31264
18.077686
62.6649
40.84611
13.971878
30.444466
32.067165
17.512882
44.0752
39.20201
42.255043
11.474484
41.655052
52.006607
44.07818
40.582733
18.14322
33.8508
35.634026
21.464497
44.310963
52.886517
14.570018
67.10086
19.422604
35.0032
22.66574
67.43104
65.6539
41.614754
62.135075
66.44802
61.37082
41.08909
30.140532
21.18284
56.51694
40.899315
35.429707
68.262146
33.614243
35.27752
52.432865
48.637665
41.295933
33.164413
42.834465
39.476974
26.06448
38.11243
45.641693
23.866058
21.50061
56.36126
19.282013
47.92803
41.061634
44.13306
39.50702
61.3521
26.86652
28.091501
45.75071
39.5103
43.253918
37.979214
67.31676
24.110256
14.424473
47.14713
62.90658
65.555695
43.154457
16.891865
15.0287
49.42829
40.85194
18.882744
55.598557
41.2939
43.18534
56.62219
30.796173
41.674644
28.386219
60.67733
37.278496
27.528297
44.739204
14.318892
31.38607
25.665638
39.556335
26.117275
11.472953
44.136887
15.887682
32.972042
22.885515
45.707024
31.08993
44.110672
33.07122
63.881126
27.688042
40.670776
18.715103
68.40371
39.879005
15.292769
15.636749
63.80714
44.500046
65.34024
33.608444
36.05539
67.51619
14.964513
68.17453
14.745642
48.58538
25.511467
34.696407
45.34012
26.408852
39.718334
40.409386
44.106075
38.19359
39.685253
32.670135
16.282753
62.98582
37.15568
44.625988
41.896797
40.648388
21.462765
14.598542
41.867577
29.766056
46.50255
56.967926
65.10804
46.159683
64.72999
25.132868
36.532784
43.460266
36.047913
23.744953
21.467457
39.17208
66.16112
50.736412
43.701378
39.179703
41.019333
66.05202
37.74656
19.817383
54.430737
20.907635
41.048645
26.92293
59.660286
34.23761
42.600414
56.3033
31.340675
40.752243
41.731613
27.093956
53.518547
27.224997
49.773716
47.519417
41.11799
64.73032
45.9121
39.42714
12.106921
27.899073
18.287273
46.40391
13.474485
30.328094
34.299835
40.36312
66.090126
36.649475
67.40531
44.60355
68.4234
29.941303
46.02809
17.12534
14.032927
14.658579
25.357513
40.20768
34.04651
67.50444
28.086039
68.36429
34.077072
35.60691
37.758324
42.055923
26.435753
40.440704
16.20454
37.891434
48.287903
29.524616
41.85576
26.185673
63.836426
31.64588
36.59102
25.576584
40.989315
39.894646
43.475727
66.67015
42.665104
38.585556
57.877155
40.804768
35.713097
13.377588
65.41046
66.11309
34.848297
40.558342
30.776329
42.07246
68.049355
21.847229
45.241577
28.757225
18.319443
17.613712
27.781078
19.71729
24.77911
38.97586
43.747597
20.678246
38.540756
30.564796
61.6737
21.226524
32.16424
19.326065
60.208046
67.25741
32.37866
66.25429
35.34141
37.532753
68.14084
45.55697
41.0101
45.249344
63.144096
32.908928
41.422188
40.360466
51.887756
42.690643
17.255775
68.26482
36.84985
59.628735
41.42018
15.533937
13.298609
26.232132
41.898514
43.217575
27.144936
66.62271
68.35405
38.827663
29.351223
58.960804
43.91486
44.429543
40.718445
44.03985
21.259777
39.6931
36.895542
41.61698
41.96228
20.490158
25.148533
30.616829
40.809093
41.125534
41.81787
45.479088
34.537037
42.253876
68.43604
40.21258
37.7565
12.683154
38.31612
44.39005
53.07633
14.620884
66.56814
41.039932
42.101704
19.968689
63.72866
39.25968
33.64225
21.891026
29.922379
40.10801
42.99013
41.871624
20.226316
44.76579
67.98212
28.605536
63.896576
49.881454
25.761387
41.87297
68.07028
25.214134
25.787563
17.98555
20.841824
28.211842
39.94794
25.52034
50.030045
21.290722
47.58895
49.743416
32.62148
42.295135
25.377132
41.08294
51.813652
39.74547
61.164124
40.725384
42.650024
39.14109
38.574112
14.487027
65.08966
45.680145
50.439682
26.702305
41.131878
39.530804
26.226284
35.826492
51.46107
40.37411
45.83793
27.734911
60.829655
28.145414
54.552345
67.50515
32.72866
16.703405
26.95083
45.087154
61.826824
50.57054
51.64079
15.032982
64.02644
42.73874
39.36637
60.53997
51.52926
60.301826
67.86046
46.950375
68.43515
50.865337
47.021835
66.39389
68.42711
44.393158
41.569267
39.902473
40.914696
28.827547
38.424225
68.39654
30.758572
56.37135
34.341404
20.350426
40.219196
42.74069
38.979656
47.999584
23.682995
39.316433
41.92356
27.268032
40.797024
17.951382
42.49444
52.380863
35.166595
52.745846
67.13738
31.847055
26.88942
21.437202
31.335472
29.24702
67.94479
19.113594
23.933187
26.405914
21.10434
18.067402
41.347054
33.55031
40.096825
66.28526
27.929173
20.826023
31.178877
46.01458
49.01476
40.49183
68.20725
32.674526
31.334686
23.724445
45.065617
17.518414
65.987015
41.20585
15.67198
41.088604
67.89777
26.407104
39.20481
25.227772
15.553307
39.68615
67.07028
50.22973
22.172466
48.01545
40.159218
20.357985
34.826626
15.953368
67.28048
58.6885
45.062283
65.03585
40.46119
43.975235
42.77281
25.885029
20.595596
56.791206
26.37785
38.711884
17.128138
38.677677
40.79195
51.649734
43.059547
47.468735
14.267473
41.000496
40.487503
65.54503
33.12233
32.789818
37.573803
42.54917
33.86614
27.634808
68.36727
64.495964
42.615524
18.330868
40.2674
35.492813
47.982944
28.821558
24.574577
21.72131
59.021248
47.66934
42.427105
44.7468
40.07499
33.924866
67.506195
39.911453
21.105246
17.809101
14.332647
18.823112
68.39726
48.244038
17.794258
65.58409
39.289375
67.96032
14.538674
67.345375
59.817623
39.722054
17.541445
40.307976
32.84819
35.640457
27.688435
14.551663
62.608807
65.340996
41.20427
33.236336
30.593216
42.138542
26.770779
25.510387
47.915558
64.3602
38.95347
21.265087
43.05036
55.920387
39.47467
32.04197
43.51421
46.40854
46.227654
67.14261
41.477535
45.7589
35.64142
26.72961
14.449475
57.67266
47.865158
25.462616
16.347927
50.837944
65.66214
36.000435
40.816376
18.085217
61.825573
49.05861
19.66822
14.37505
66.98083
40.06623
26.213825
42.104347
26.605412
41.96885
57.999653
32.069603
67.012146
39.15271
48.321053
21.377922
54.91077
56.00909
60.96843
28.19418
48.151443
43.919502
19.424341
43.06093
27.026222
40.561443
67.12087
34.168404
39.520966
39.58198
43.40867
36.981308
28.514921
24.715015
40.63777
45.634796
31.109653
49.104557
21.224838
18.598154
41.459602
39.93097
45.505238
41.17064
40.10705
63.353878
21.559246
32.847645
25.455261
21.247028
39.471786
18.377903
47.53717
51.455673
32.56198
43.255547
51.135628
37.680794
32.67393
25.992449
38.007847
68.377716
14.872003
42.534107
39.16152
20.856758
41.632214
33.90309
21.42762
50.517868
39.87111
48.00844
40.21453
20.688627
39.78061
14.29224
45.35437
25.826859
41.612724
41.129055
39.347435
50.68347
38.54522
44.83781
44.02968
65.781555
22.40723
20.213257
39.92825
68.16606
68.30422
45.173283
19.087301
44.561466
36.14219
23.89776
40.04765
53.25547
28.48234
60.864517
65.66188
30.745502
41.880474
23.735514
45.581745
28.816021
17.55761
42.736122
62.95408
65.65529
20.340544
57.157845
21.46315
11.725349
21.07323
43.307365
51.784576
48.72461
25.910563
40.983055
67.3988
38.010677
29.8423
43.981293
50.72386
35.88806
40.61034
68.4087
66.835526
21.430918
61.651764
23.958225
26.572334
33.395996
68.13983
25.36167
16.991405
32.96782
25.342651
41.154606
20.367136
41.663387
41.126114
67.90009
11.833717
67.21096
29.392845
66.061584
14.272531
59.10032
64.018326
19.131573
17.936268
66.68562
26.397568
40.563766
27.866722
45.09579
67.80997
40.904125
26.962643
67.13492
24.620687
25.502748
39.389965
34.93715
14.370686
19.037909
40.884045
65.290184
41.173836
56.020866
15.872471
41.52116
39.58302
56.981354
41.087646
67.23438
13.780417
43.09828
52.546005
22.772995
67.176285
47.263474
41.099106
67.765434
29.580654
15.146989
68.43448
42.46932
27.19608
68.387535
56.44542
66.73463
40.931313
34.128242
15.070589
19.041744
41.257927
21.34447
25.8455
40.7704
40.792892
18.326674
40.20832
42.09443
67.82883
66.09481
31.03091
37.812347
17.858501
44.522003
31.426048
36.96196
48.715862
35.78704
42.94532
42.662556
25.532183
25.768303
39.47196
66.642784
59.589874
66.00914
37.885998
18.473728
54.3023
21.16725
57.68498
16.511425
40.775703
67.262955
57.22886
29.204185
44.006382
65.02699
21.15783
47.143555
38.01233
60.697147
60.22769
30.726748
65.12172
64.059875
42.314545
41.942863
22.226295
